$ANSIBLE_VAULT;1.1;AES256
64343932343532653565333836303830336637646634646636383334373663653435623037623665
6361316163353863636234356362393630303066323730310a303166646535663834663833333862
36623164356238646365336439613063386636643631353462376366363032303438303338646139
3364393662346435360a393265323432386536643162363438393564393935326264336566356439
35323538636630623361346335346463363530306337363031306531386234353561326331303233
63636463326436306237343939636433623934333439386639303462346430653966633335353365
34663235313666396339623936666165663763616664343964396530343731346531633438363931
34333238373462323534373232656461316165626239356661616436353832656436326364623339
32383331363632393366643764313636376162313363663565643366663562666230326565646538
31363733313535306630343264356231616563633831663761613739323663643131663736386466
32373134326439643335306464626635663435336162353064376639613038366630316364623734
61363432663063613366646366323966633239316438346430343537363937333033323039633961
61646234643233353565666264383330343765616563323364323161363566336661363066333336
65363263373233303838623166316238633465613964636664373630356131633763633636383462
32373863393565326239373663303737393135396136373539313364343862366366666163643135
62393934373538373938356130306337366364326330636135613235343637616537393264313265
65373265663638623763633831383936373931306165613262616664316263303733633938333537
66326466643335646137623938313162613765363132363565306234313734663661646338326561
35343062376639663737343539373931313863303265613837376163643934633336623737623530
38326431303533336538336533373835386463326363653639613064636330366539656136643239
39643662303934363864633935376639396439353038373332636663646332336435636566663561
30643666396166316262343763656230303639363531616531613036313263323139613635316365
66653964663737363363373630636339643738356263353261623362393230626636386435303130
61666536363435393835336634623930626538333130633430653666636261393730626531656430
64663962613334336462323564393164393861326632306233313130653638326433646639396664
63303763316635613531303037363166346661663639623134646437373039643534376362616238
35306236336637366436313533393164303063343333363665356164313665646633386538316666
62396537646261303432666462656130363437333634353038393034336430623261626234386131
37653862333563623733666262323237313764336565386362626462323838383237326463353936
33363537343030343333323930383164663666303935656635613035306630633438343466373633
64663930313637623530646337633732663137363666393565623432633661303162383336623066
36366436363935666435646138343439363434376563326136343130346338346637633333643865
64353665366633383535336332376432316161336136336534346265626631643834303234356566
66353133303164323864326234633032376636383232323030376536643033626631303438623438
62313032386130373865376465303439333230343330646337653532333966323435393138313163
30363236636363636134313666383661643635313437313461636539343338643533653232623666
34323134623134313233643937616263373230653039323264323366643761343162306135373433
36653635623539613164636161656365376436323130333037396361636232346466643134393363
32626162363861333530346462623930303830626534643365303638343536343834346432303134
33343437303361336262666338383835306663323931373132376233316536336537303637373530
38373661353135336530616466373332323464646131613634356336323463636662313132636661
61393137303435313866653838366237383532393930346162353130303664313835323038333030
63306232396562333066333837333234323438663638323834316132303833333136316538306261
30636438623164343939393466653761656232393664373939626665666439333664653165326462
33623935356534396630623135393635323261626132386634653132373130336337663836326664
36663936633033356264386539353261363935623138623863343837663230353531643138643630
35663538376139653433336266343530636238653462643938626164666334303562313431313433
32306134393633346366356364363532366631306461663136653464666335613164303838643439
31616134646461373434313239373031386535316663353661623830616263303464356536336662
31363434626166343461643937633534363363376335663063646539636638363937646561383432
61383863393733336532383138316565326666646239353163376538656236346561656565633737
36633732613536643062656236316439333034616263353330613961663935633662336264636132
35333832626164333539366165663431373236363533313330613131386231353338303038393030
62633066306137326538393661306462633634613733346563316161666334393637376532303865
32326534346133653966323463376164343337313666643831333162623564663934313461396561
32363339653864313731326233336534396435666332646363316236313839623233633763343333
61393364323030393330613035663937373839643636643934326461366265366334336439333634
64643965366361616133333830313262373336616632666435306165316636356466643266343839
35653338336239313865343231343033656532366232373734333437396532363839313265343337
37313035383437363733323238663163383463316665656231333263613834303564343061323236
35386531363766336437663963326431646630326335346434383733313361643663393830616136
64366563333030663666636364356532666230333236633730653962396363633731316333316233
33633331336364363239626665643935303661373061633836393063306436613163303538356234
65373631646637343133346636343262376663313838636566366364303437386639333838353130
39333030363338643130616166396533616463303830363432643334633436383263323334646132
65363432316666363461336461333834356335313765336262383266623133393763333634616237
32316633666261366534633564343037663063373234366131616535633535303339633334363265
32376637366333303832326537323733326433363635616563643334346539383461656362386233
61313832343938386630333230376130616661386139616538653239376335323165336232656435
65653865663264386461626164353566363362326233613036346537666562636533623762613437
34396331306564663665303965616364353738363638313431663034383439313137323932616563
63326435386335663331656365353231393530663734663263633733663437376334663537643031
30643236303364663262376137623039653435303334663365663038623233656365393734613165
61653437333238373364306636646165346365333631303661323833303332393837643038613030
61643733376139663032616235306331373036646636623362646665376239353231373531303834
33666663376437653136633536643230616164633037663638373732363866306564326237313065
31366133626436313435313065376366636138313530653936353737643638386233386537373764
64656238376239646438626430383838613736623833613561313939323638343634306533376239
31663362653535333765396131353834663936333532626435383362643635313234343264386539
34613938633634373564643430666533353065613066373831343235636264616166373539653134
36653537386564356463393533323762653433613039633635393034343137356434656338333435
65356332356161663533333563386330656132333865646439303235613736333636323861363531
38363561303038653534396539353161393338633064663964343133663362336165613835626261
35313836393163396563323263383336666365626161336338623237666362656236313037623363
38333932323262663536323333353632643338383865383531316134306164333633323562643565
35323664323236323263613134323366396439366636313763626561323335373233666534343765
31326333343138353931626531386132666561353161376235326434663738376561356338623165
33646535363861613731356134323434623864373636393966666135396530306130323230336563
39366130316164363863333665666230363636333539396662316535303736376161303631366435
35343331666539393161323530663435323235376135386437373037303163336165323065623034
66373832356262343734633664303433366664633939656330656564303031333361383662313435
37373362343836333934373031373030383132623939323262346434366139373137626164323630
33306266366462376633303666323435323265346630336364653163376563393162346236393532
65666362353263363031363334356336343432643761306538663734613662363162323433666565
31663862343931333762663838343832613064306337313133393261303565363362633633363932
33643462303235346665316134616232343439363731306532633131313761353163366534316565
30666661656239616566353163643030336631633931306565643139633235373033356261663636
62316431666337643031373134363937316536333264666430356664306364643935363263643763
30396661656638366561333638356261353237323863383838353338343033363065333536316535
31323437373631316363353865383164386364653465323665656234653763353437623461663262
31383330343063653238303137353533313738616637313766346238353538393935373635333337
36643639333635343064333732323363383261343037633766313064623636386361323664326631
61373165383038623865363131306135383736363166653662353238346639636537636530386566
30316131346337613463376533353464383239373162643037343537616431626230303066633136
36396262633630383531666138393231663833343139333064316536653330323835333636613139
62393837663764373133303334306361656463393838356261636334626639383832353161346465
38653734306664653962663438373861656462383833656265336631333761646466616265666564
62316564666666326537636266343932326431336138616533396366656663656332373864363337
32346161623930363065626438653534613064653266396436666236373732616636363361346230
62663838326565666238646239373664353633366261303635396134616231383266373339353235
34396534643334663135313165386533653439356230656230386532393832336164303463326233
31356135396230363132333362376339303539313832633432633533636534366230643830363964
31636135316233336466663336643862633234643966623535393538326365373133346566353534
64323039346530393965313533313437313531313165633330316132616433353063613337323861
39373831343035313962373332663232613836663534633963653861303134666337303030396266
30356437623064646431336466653833656462613335313564303161663036366136353135363262
30396637393835636664643839363534343263623733643333643232326662333333613831613037
32616130333332386237336331643535363233663332646261643235323536653032386163623663
65363031303834323063373432613364353333346266643435303033663062656265383965363766
65663261306166336165643030326133343062323961386333373533326131323561376336303536
35383532393031633464646133666139376165333037313438636364653733346265306237633736
63656663636633383263633932393839626139666433356635656337376332313936623563336331
66383939626232623232363931623035333833613166343533346332656166323531383637663132
32313761653363333738656330623237643864646361623539393637666165356632663537353230
33373135613636643766353532343863343464303265643663663464373664353836366634323466
36633963373633396136343964393163643637333435653236346661396138653763336639663365
36303936353065343961333437613231353462346432653230393534383336323239636235626533
36656331343832386638336437366663633331636461366461633135383035613630366234646332
36663635643633663964323035326564366363313234313932633132313534376239303963623561
65626263346133666233666334623839323833353433353832393331373934313030613839613131
36656634376662303834346132303562343839313761656133663037616134643335326563643039
66633262316365643161333635663564306436613664343531636461336139356339313132356263
31336531323432373730316432303362646133353133363035356439663062343232366335643563
39323437343061316334336535306132666134396136316237386636613339333532363835323335
31343730366362383436323030366134633936313463393365396133313863336561343235626663
33393239363535663731346231623936343461306332663934373430663034643133653333346632
66306439323532663361633535313338343930326261636263663930656639383832323666663536
33383764396466313839303062656666383362333163636661653263633566376638333861326337
32323531396664666464373438323265303536363733646536326232356266313132616166616533
36353166303432303062363537623066356139383030323731353266643433643861396535373231
32396562353932343639376538643737326461643237343638336462656435636432396333333930
32383532653565656635386465646231623963313638343931653561363562356263626532386462
62316333613731346238356164333134646238393963393966613562646138373265666138363733
37396263336337356563633735643639663439656630363962393434346564623661346532383765
32383638633230616666613433353539656237633362306332633262343733303038633033336239
36336435393864343734373962366634626266353466303265313065353264646439333730393536
64366265303030323862616237323936346438633337666132353039613131643231306266313166
35363538653235656133613166336533633032376239386237393233353933386461646566623965
66626561656536626139636364333263323234613765313537386261366163386538363464636630
34386230666533326436623162333230346638383839326532663435303633633361363766613938
38313130333933356131386433323362306636376336363933643861343062383565666666613531
35323138363766393661393934356136643638636232393064363532666233393937363231383863
39623561646437626166626532316239613566643263653462363964363934623161363938323162
39313235383037633135613535626132383764373432316431316661663339373763623630373738
66346363333430363464666662636263396536646566623032326138623534336233303436306233
37346463363861366565306463376136623165623137323531333266663432643764393735616164
31343636626130386338373961613961613232653862663963353533656462376161396466366534
33656530633564333266326439613939376262333930616537356530326339336335346637626631
32373931356566313335373361323739383137306666646131366363633332353966636464613639
32353730343232353337633963666161316334316635316362336438366662393161393662333065
37363934326332366565366263623331646331343165633131343663303138636464623364376232
64356638306464353364353965336535636538623638373638643337306265396436663736666536
35346434393133333032383263386434316234313436336566653637383966326362346361623161
35663033663166313532653737653332386162636432613534393366393163653332383233306337
34633061343366613637306363663131363564316335656462396161306466333665366437613034
34656637363765616162613234363861633663346530366338303436393938643932396539333166
61363436636265336337316561336564623036343238326133643438313030636636366663386339
34373164313931306632333161636130633632373536353437623165643736396561316565626531
61633034303433666535316431353363313136333765623538366239653866323638316433373431
63666261383364656537613161346339306133653535373231323236663164323063393335313438
65613638343264393632653636643434666236333432663530613639653566343863303733623534
36396638303566333861653438316264383732396166663038646434343330626662663736366139
32646566646439623632623337313966646564326661653961346635363830666663613336333434
33373263353365393661313935633531393132353536613337356261643735346136396135346639
32633539326635336665633631623336336332393935636339383834313431653865613161366138
63376364623437346561656561643661643466333266343436616666313766393136393862313434
37376530366566306538616564393435376164353932303163663436643462303037663964653463
38656538303335373566386339376538663335653862633830343032613739613832313330633766
30396639316130653830363031333130663466323133616135343132643233633736633030653331
33386463333862343062353166636366356436323436336464393737653731363836353165353537
61636664313961336335613835323832623033343962333034343430393233376563303362336338
35653064346166613138616363353932646537336139383661393137633663303065633437326430
33346365323633356266363935386266396432363763623535356339396130366232666664326131
38373463623162663637303335363463393433366633663634303462646531393535356362396164
35333139353831633561373566313131616561633030653731323166366263326532666330663261
62376664626661353438396562663735663732313134636132346434393832633066626630306332
65316165383433643861383062616531393333656662343237643832656338633366373932633539
32313233616461396662313830626164326234363932616566303138333931653531643063373863
32383661356262373039646432363838356336363366633936326264626636336365383636613737
30653738303238613064316232353136626464343838373666303236343935636464653737346462
38343462386236636563353539386537306434353966633963356266353937346232376362616363
30343637353366376566393738613538363466613737393036393739633836376232623135626464
36383035666533383865643834386661306636636539346132303931376632366562613766343232
66346134616231333936353765376362656531653864643533613564623938623430313033656163
61376139323439346339643235663762333239636638336334316432336237386365373830373864
37336632626132616236643566316233636131316231663433633664323134303639396161623636
37396335376235373164623735373735396165303634376662623865346134656162653636393035
35653066306437663030326163343966646235333038363332393065376335373338356263303434
63393034326531393666326435343634333630666663616439653638656237373539633863306662
62643962303830326533383366316133636337323866393435333762393261613531343861363264
37393231323532666664633236643765643830343637313235333930363238656330353664666561
64613237656439316365666533666264663531343531343565653965666265363137653734336461
37303265633438386337393331396662316631323438383832623336353762383662393964316461
65333533313663383937636434393735336666633064323165376664653035393734393037643334
33396464373631333030643435303235316136613563313961323930616166316531316530623663
61326136666562636365656265383562376639333130653262656434623834653632663230633034
33636634623131346466313232366465613365663336346563336637353834336566633461383935
65323939326137393965346638633536396131366163323132383038393665626364333332633963
30353630356665343431303063323034383066623731646163373737386261646238656330623664
34366530346630356339343730666331323738326532303266316335643865623964643939313738
33313564393337343364363839396365373165343561353830303430323432336331343939386666
63653865363361616163626637343834336538363539313863313864616466653262326631663535
31616563336131363463616431336239653061646363353439353738626335303763373139313738
37363437653138646537396133633663386339643065613561303063626165633465646139643332
31363264366133313263366561653766383935376164356163646163653236353132646434636237
31393330613933323838366538336138656362386439636236396237336131363939633939346261
33623734393430353863303162366333653334343235616264653061333963393632323261366237
66633836366665633130383136383631363664396361343833666435356536356636386563323966
33336235306237316138663262346264393733633831333431343636616435376431363762653464
35363135343365636232313533303262326163316139353433613330636537333533373563626139
36633966666464363539336661326432313139626139666637323339303831623037326533376362
30386563613531373335663636363734373239366334636132396465396161623563353038363333
38643265313163656466386437656435316434363432376334623765323836633338393437623666
32323065643831386133363266343138636365316430666339316563306435306461333361336539
63633130376335646432326332336635636665343262363738373462643533306230636239386532
36396661616235366262666565646663323734313939356135316662383030393564373963653961
35313263363530303330646533623138643264313730393835313537346263306563323738303665
37316438313761336263613931643830663634316365346631313330336161633836613938376465
38343232303663646430666362393266653166656137316536316530663364326139323838356133
37366137616363396534323332643131393136623062653864646235343338626565326234613538
64653063383233333739343563376639396239336561303762303766386163303737353536316335
65663932356135636332393735356262316566353337363133346365333965383535613332363462
34623464613561636436636434393139613538316564323839326562353263663536646630303238
34633161343763346463323735393838656462376635626166623836663563393934326639396164
39303934613464623437623539656239333035633133376138613930623863316661653537393665
31643834663739383132313364626166303363626662653962316436343566393437373736383533
38613464656461316161306537626163393830363930306135363361303931666662653437333166
32383331316339313537393730646439323763626630363437363938326635343835666238363133
37356262646135666666663633326563626362663066663265343539623163393038396263353230
39373334353262306532353966356261336538313734626137333533303462306532396262656663
33633630356638386661356233373739323662366533636135663732353666366264386535366535
6330613232636531303938336465666436356633376238346536
